Lexeme List:
28 2 x 9 3 5 17 2 y 9 3 6 18 29 2 f 17 2 n 18 30 2 fact 18 29 2 ans1 18 21 2 ans1 20 2 n 18 2 n 20 2 n 5 3 1 18 23 2 n 9 3 0 24 2 f 20 3 1 18 23 2 n 13 3 0 24 27 2 fact 18 2 f 20 2 f 6 2 ans1 18 22 18 21 32 2 n 18 23 2 n 13 3 10 24 2 n 20 3 5 18 33 2 n 20 3 4 18 27 2 fact 18 31 2 f 22 19 

constsym identsym x eqsym numbersym 5 commasym identsym y eqsym numbersym 6 semicolonsym varsym identsym f commasym identsym n semicolonsym procsym identsym fact semicolonsym varsym identsym ans1 semicolonsym beginsym identsym ans1 becomessym identsym n semicolonsym identsym n becomessym identsym n minussym numbersym 1 semicolonsym ifsym identsym n eqsym numbersym 0 thensym identsym f becomessym numbersym 1 semicolonsym ifsym identsym n gtrsym numbersym 0 thensym callsym identsym fact semicolonsym identsym f becomessym identsym f multsym identsym ans1 semicolonsym endsym semicolonsym beginsym readsym identsym n semicolonsym ifsym identsym n gtrsym numbersym 10 thensym identsym n becomessym numbersym 5 semicolonsym elsesym identsym n becomessym numbersym 4 semicolonsym callsym identsym fact semicolonsym writesym identsym f endsym periodsym 

No errors, program syntactically correct.

Assembly Code:
7 0 0 25
7 0 0 2
6 0 0 5
3 1 1 5
4 1 0 4
3 1 1 5
1 2 0 1
14 1 1 2
4 1 1 5
3 1 1 5
1 2 0 0
19 1 1 2
8 1 0 15
1 1 0 1
4 1 1 4
3 1 1 5
1 2 0 0
23 1 1 2
8 1 0 20
5 0 1 1
3 1 1 4
3 2 0 4
15 1 1 2
4 1 1 4
2 0 0 0
6 0 0 6
10 1 0 2
4 1 0 5
3 1 0 5
1 2 0 10
23 1 1 2
8 1 0 35
1 1 0 5
4 1 0 5
7 0 0 37
1 1 0 4
4 1 0 5
5 0 0 1
3 1 0 4
9 1 0 0
11 0 0 3


Line OP     R   L   M

0    jmp    0   0   25
1    jmp    0   0   2
2    inc    0   0   5
3    lod    1   1   5
4    sto    1   0   4
5    lod    1   1   5
6    lit    2   0   1
7    sub    1   1   2
8    sto    1   1   5
9    lod    1   1   5
10   lit    2   0   0
11   eql    1   1   2
12   jpc    1   0   15
13   lit    1   0   1
14   sto    1   1   4
15   lod    1   1   5
16   lit    2   0   0
17   gtr    1   1   2
18   jpc    1   0   20
19   cal    0   1   1
20   lod    1   1   4
21   lod    2   0   4
22   mul    1   1   2
23   sto    1   1   4
24   rtn    0   0   0
25   inc    0   0   6
26   sio    1   0   2
27   sto    1   0   5
28   lod    1   0   5
29   lit    2   0   10
30   gtr    1   1   2
31   jpc    1   0   35
32   lit    1   0   5
33   sto    1   0   5
34   jmp    0   0   37
35   lit    1   0   4
36   sto    1   0   5
37   cal    0   0   1
38   lod    1   0   4
39   sio    1   0   0
40   sio    0   0   3

Initial Values               pc    bp    sp   Stack

 0  jmp     0     0    25    25     1     0   
25  inc     0     0     6    26     1     6   0 0 0 0 0 0 
26  sio     1     0     2    27     1     6   0 0 0 0 0 0 
Enter a value: 8
27  sto     1     0     5    28     1     6   0 0 0 0 0 8 
28  lod     1     0     5    29     1     6   0 0 0 0 0 8 
29  lit     2     0    10    30     1     6   0 0 0 0 0 8 
30  gtr     1     1     2    31     1     6   0 0 0 0 0 8 
31  jpc     1     0    35    35     1     6   0 0 0 0 0 8 
35  lit     1     0     4    36     1     6   0 0 0 0 0 8 
36  sto     1     0     5    37     1     6   0 0 0 0 0 4 
37  cal     0     0     1     1     7     6   0 0 0 0 0 4 
 1  jmp     0     0     2     2     7     6   0 0 0 0 0 4 
 2  inc     0     0     5     3     7    11   0 0 0 0 0 4 | 0 1 1 38 0 
 3  lod     1     1     5     4     7    11   0 0 0 0 0 4 | 0 1 1 38 0 
 4  sto     1     0     4     5     7    11   0 0 0 0 0 4 | 0 1 1 38 4 
 5  lod     1     1     5     6     7    11   0 0 0 0 0 4 | 0 1 1 38 4 
 6  lit     2     0     1     7     7    11   0 0 0 0 0 4 | 0 1 1 38 4 
 7  sub     1     1     2     8     7    11   0 0 0 0 0 4 | 0 1 1 38 4 
 8  sto     1     1     5     9     7    11   0 0 0 0 0 3 | 0 1 1 38 4 
 9  lod     1     1     5    10     7    11   0 0 0 0 0 3 | 0 1 1 38 4 
10  lit     2     0     0    11     7    11   0 0 0 0 0 3 | 0 1 1 38 4 
11  eql     1     1     2    12     7    11   0 0 0 0 0 3 | 0 1 1 38 4 
12  jpc     1     0    15    15     7    11   0 0 0 0 0 3 | 0 1 1 38 4 
15  lod     1     1     5    16     7    11   0 0 0 0 0 3 | 0 1 1 38 4 
16  lit     2     0     0    17     7    11   0 0 0 0 0 3 | 0 1 1 38 4 
17  gtr     1     1     2    18     7    11   0 0 0 0 0 3 | 0 1 1 38 4 
18  jpc     1     0    20    19     7    11   0 0 0 0 0 3 | 0 1 1 38 4 
19  cal     0     1     1     1    12    11   0 0 0 0 0 3 | 0 1 1 38 4 
 1  jmp     0     0     2     2    12    11   0 0 0 0 0 3 | 0 1 1 38 4 
 2  inc     0     0     5     3    12    16   0 0 0 0 0 3 | 0 1 1 38 4 | 0 1 7 20 0 
 3  lod     1     1     5     4    12    16   0 0 0 0 0 3 | 0 1 1 38 4 | 0 1 7 20 0 
 4  sto     1     0     4     5    12    16   0 0 0 0 0 3 | 0 1 1 38 4 | 0 1 7 20 3 
 5  lod     1     1     5     6    12    16   0 0 0 0 0 3 | 0 1 1 38 4 | 0 1 7 20 3 
 6  lit     2     0     1     7    12    16   0 0 0 0 0 3 | 0 1 1 38 4 | 0 1 7 20 3 
 7  sub     1     1     2     8    12    16   0 0 0 0 0 3 | 0 1 1 38 4 | 0 1 7 20 3 
 8  sto     1     1     5     9    12    16   0 0 0 0 0 2 | 0 1 1 38 4 | 0 1 7 20 3 
 9  lod     1     1     5    10    12    16   0 0 0 0 0 2 | 0 1 1 38 4 | 0 1 7 20 3 
10  lit     2     0     0    11    12    16   0 0 0 0 0 2 | 0 1 1 38 4 | 0 1 7 20 3 
11  eql     1     1     2    12    12    16   0 0 0 0 0 2 | 0 1 1 38 4 | 0 1 7 20 3 
12  jpc     1     0    15    15    12    16   0 0 0 0 0 2 | 0 1 1 38 4 | 0 1 7 20 3 
15  lod     1     1     5    16    12    16   0 0 0 0 0 2 | 0 1 1 38 4 | 0 1 7 20 3 
16  lit     2     0     0    17    12    16   0 0 0 0 0 2 | 0 1 1 38 4 | 0 1 7 20 3 
17  gtr     1     1     2    18    12    16   0 0 0 0 0 2 | 0 1 1 38 4 | 0 1 7 20 3 
18  jpc     1     0    20    19    12    16   0 0 0 0 0 2 | 0 1 1 38 4 | 0 1 7 20 3 
19  cal     0     1     1     1    17    16   0 0 0 0 0 2 | 0 1 1 38 4 | 0 1 7 20 3 
 1  jmp     0     0     2     2    17    16   0 0 0 0 0 2 | 0 1 1 38 4 | 0 1 7 20 3 
 2  inc     0     0     5     3    17    21   0 0 0 0 0 2 | 0 1 1 38 4 | 0 1 7 20 3 | 0 1 12 20 0 
 3  lod     1     1     5     4    17    21   0 0 0 0 0 2 | 0 1 1 38 4 | 0 1 7 20 3 | 0 1 12 20 0 
 4  sto     1     0     4     5    17    21   0 0 0 0 0 2 | 0 1 1 38 4 | 0 1 7 20 3 | 0 1 12 20 2 
 5  lod     1     1     5     6    17    21   0 0 0 0 0 2 | 0 1 1 38 4 | 0 1 7 20 3 | 0 1 12 20 2 
 6  lit     2     0     1     7    17    21   0 0 0 0 0 2 | 0 1 1 38 4 | 0 1 7 20 3 | 0 1 12 20 2 
 7  sub     1     1     2     8    17    21   0 0 0 0 0 2 | 0 1 1 38 4 | 0 1 7 20 3 | 0 1 12 20 2 
 8  sto     1     1     5     9    17    21   0 0 0 0 0 1 | 0 1 1 38 4 | 0 1 7 20 3 | 0 1 12 20 2 
 9  lod     1     1     5    10    17    21   0 0 0 0 0 1 | 0 1 1 38 4 | 0 1 7 20 3 | 0 1 12 20 2 
10  lit     2     0     0    11    17    21   0 0 0 0 0 1 | 0 1 1 38 4 | 0 1 7 20 3 | 0 1 12 20 2 
11  eql     1     1     2    12    17    21   0 0 0 0 0 1 | 0 1 1 38 4 | 0 1 7 20 3 | 0 1 12 20 2 
12  jpc     1     0    15    15    17    21   0 0 0 0 0 1 | 0 1 1 38 4 | 0 1 7 20 3 | 0 1 12 20 2 
15  lod     1     1     5    16    17    21   0 0 0 0 0 1 | 0 1 1 38 4 | 0 1 7 20 3 | 0 1 12 20 2 
16  lit     2     0     0    17    17    21   0 0 0 0 0 1 | 0 1 1 38 4 | 0 1 7 20 3 | 0 1 12 20 2 
17  gtr     1     1     2    18    17    21   0 0 0 0 0 1 | 0 1 1 38 4 | 0 1 7 20 3 | 0 1 12 20 2 
18  jpc     1     0    20    19    17    21   0 0 0 0 0 1 | 0 1 1 38 4 | 0 1 7 20 3 | 0 1 12 20 2 
19  cal     0     1     1     1    22    21   0 0 0 0 0 1 | 0 1 1 38 4 | 0 1 7 20 3 | 0 1 12 20 2 
 1  jmp     0     0     2     2    22    21   0 0 0 0 0 1 | 0 1 1 38 4 | 0 1 7 20 3 | 0 1 12 20 2 
 2  inc     0     0     5     3    22    26   0 0 0 0 0 1 | 0 1 1 38 4 | 0 1 7 20 3 | 0 1 12 20 2 | 0 1 17 20 0 
 3  lod     1     1     5     4    22    26   0 0 0 0 0 1 | 0 1 1 38 4 | 0 1 7 20 3 | 0 1 12 20 2 | 0 1 17 20 0 
 4  sto     1     0     4     5    22    26   0 0 0 0 0 1 | 0 1 1 38 4 | 0 1 7 20 3 | 0 1 12 20 2 | 0 1 17 20 1 
 5  lod     1     1     5     6    22    26   0 0 0 0 0 1 | 0 1 1 38 4 | 0 1 7 20 3 | 0 1 12 20 2 | 0 1 17 20 1 
 6  lit     2     0     1     7    22    26   0 0 0 0 0 1 | 0 1 1 38 4 | 0 1 7 20 3 | 0 1 12 20 2 | 0 1 17 20 1 
 7  sub     1     1     2     8    22    26   0 0 0 0 0 1 | 0 1 1 38 4 | 0 1 7 20 3 | 0 1 12 20 2 | 0 1 17 20 1 
 8  sto     1     1     5     9    22    26   0 0 0 0 0 0 | 0 1 1 38 4 | 0 1 7 20 3 | 0 1 12 20 2 | 0 1 17 20 1 
 9  lod     1     1     5    10    22    26   0 0 0 0 0 0 | 0 1 1 38 4 | 0 1 7 20 3 | 0 1 12 20 2 | 0 1 17 20 1 
10  lit     2     0     0    11    22    26   0 0 0 0 0 0 | 0 1 1 38 4 | 0 1 7 20 3 | 0 1 12 20 2 | 0 1 17 20 1 
11  eql     1     1     2    12    22    26   0 0 0 0 0 0 | 0 1 1 38 4 | 0 1 7 20 3 | 0 1 12 20 2 | 0 1 17 20 1 
12  jpc     1     0    15    13    22    26   0 0 0 0 0 0 | 0 1 1 38 4 | 0 1 7 20 3 | 0 1 12 20 2 | 0 1 17 20 1 
13  lit     1     0     1    14    22    26   0 0 0 0 0 0 | 0 1 1 38 4 | 0 1 7 20 3 | 0 1 12 20 2 | 0 1 17 20 1 
14  sto     1     1     4    15    22    26   0 0 0 0 1 0 | 0 1 1 38 4 | 0 1 7 20 3 | 0 1 12 20 2 | 0 1 17 20 1 
15  lod     1     1     5    16    22    26   0 0 0 0 1 0 | 0 1 1 38 4 | 0 1 7 20 3 | 0 1 12 20 2 | 0 1 17 20 1 
16  lit     2     0     0    17    22    26   0 0 0 0 1 0 | 0 1 1 38 4 | 0 1 7 20 3 | 0 1 12 20 2 | 0 1 17 20 1 
17  gtr     1     1     2    18    22    26   0 0 0 0 1 0 | 0 1 1 38 4 | 0 1 7 20 3 | 0 1 12 20 2 | 0 1 17 20 1 
18  jpc     1     0    20    20    22    26   0 0 0 0 1 0 | 0 1 1 38 4 | 0 1 7 20 3 | 0 1 12 20 2 | 0 1 17 20 1 
20  lod     1     1     4    21    22    26   0 0 0 0 1 0 | 0 1 1 38 4 | 0 1 7 20 3 | 0 1 12 20 2 | 0 1 17 20 1 
21  lod     2     0     4    22    22    26   0 0 0 0 1 0 | 0 1 1 38 4 | 0 1 7 20 3 | 0 1 12 20 2 | 0 1 17 20 1 
22  mul     1     1     2    23    22    26   0 0 0 0 1 0 | 0 1 1 38 4 | 0 1 7 20 3 | 0 1 12 20 2 | 0 1 17 20 1 
23  sto     1     1     4    24    22    26   0 0 0 0 1 0 | 0 1 1 38 4 | 0 1 7 20 3 | 0 1 12 20 2 | 0 1 17 20 1 
24  rtn     0     0     0    20    17    21   0 0 0 0 1 0 | 0 1 1 38 4 | 0 1 7 20 3 | 0 1 12 20 2 
20  lod     1     1     4    21    17    21   0 0 0 0 1 0 | 0 1 1 38 4 | 0 1 7 20 3 | 0 1 12 20 2 
21  lod     2     0     4    22    17    21   0 0 0 0 1 0 | 0 1 1 38 4 | 0 1 7 20 3 | 0 1 12 20 2 
22  mul     1     1     2    23    17    21   0 0 0 0 1 0 | 0 1 1 38 4 | 0 1 7 20 3 | 0 1 12 20 2 
23  sto     1     1     4    24    17    21   0 0 0 0 2 0 | 0 1 1 38 4 | 0 1 7 20 3 | 0 1 12 20 2 
24  rtn     0     0     0    20    12    16   0 0 0 0 2 0 | 0 1 1 38 4 | 0 1 7 20 3 
20  lod     1     1     4    21    12    16   0 0 0 0 2 0 | 0 1 1 38 4 | 0 1 7 20 3 
21  lod     2     0     4    22    12    16   0 0 0 0 2 0 | 0 1 1 38 4 | 0 1 7 20 3 
22  mul     1     1     2    23    12    16   0 0 0 0 2 0 | 0 1 1 38 4 | 0 1 7 20 3 
23  sto     1     1     4    24    12    16   0 0 0 0 6 0 | 0 1 1 38 4 | 0 1 7 20 3 
24  rtn     0     0     0    20     7    11   0 0 0 0 6 0 | 0 1 1 38 4 
20  lod     1     1     4    21     7    11   0 0 0 0 6 0 | 0 1 1 38 4 
21  lod     2     0     4    22     7    11   0 0 0 0 6 0 | 0 1 1 38 4 
22  mul     1     1     2    23     7    11   0 0 0 0 6 0 | 0 1 1 38 4 
23  sto     1     1     4    24     7    11   0 0 0 0 24 0 | 0 1 1 38 4 
24  rtn     0     0     0    38     1     6   0 0 0 0 24 0 
38  lod     1     0     4    39     1     6   0 0 0 0 24 0 
39  sio     1     0     0    40     1     6   0 0 0 0 24 0 
Value: 24
40  sio     0     0     3    41     1     6   0 0 0 0 24 0 

Register Values when Instruction SIO 0 0 3 executes:
Register: 1    Value:  24

